255 255 255 255 255 255 255 255 255 255 254 255 255 255 255 255
255 255   3  83 165  57 196 255 255 143  50 181  95  16 255 255
253  12 176 173 168 169 131 154 101 167 178 181 188 199   4 255
251 101 124 120 115 110 108  26  49 116 120 121 128 133  87 254
122  96  88  80  76  70  67  61  61  69  78  79  81  89 111 210
209  82  64  58  60  59  55  48  49  57  62  57  57  60  83 249
255  13  45  46  46  47  47  47  50  51  49  46  42  43  23 255
255   1  28  37  43  45  47  48  48  47  45  40  35  32   9 255
255 255  11  23  34  41  46  48  48  47  41  37  30  14 253 255
255 255  25  13  23  35  46  49  52  47  40  31  16  70 255 255
255 255 251   3  13  24  37  49  52  47  37  19   3 255 255 255
255 255 255 255   0  14  22  36  45  36  20   0 249 255 255 255
255 255 255 255 255   4  13  18  22  17  11 250 255 255 255 255
255 255 255 255 255 252   7   9  11   7 253 255 255 255 255 255
255 255 255 255 255 255 252   6   4 252 255 255 255 255 255 255
255 255 255 255 255 255 255 251 255 255 255 255 255 255 255 255
255 255 255 251 253 255 255 255 255 255 254 253 251 255 255 255
255 255  17  94 176  70 191 255 255 142  71 190 109  23 255 255
251  31 181 177 175 177 140 183 120 173 185 187 196 203  23 255
253 114 133 130 124 120 118  36  61 125 127 129 134 142 100 251
125 105 101  91  86  82  79  73  72  83  88  91  93 101 117 215
221  85  80  72  70  68  65  61  63  69  73  71  71  76  93 253
255  25  60  62  62  63  62  62  62  65  64  60  57  58  34 255
255  17  43  51  56  58  62  63  63  62  58  54  51  46  16 255
255 255  19  36  48  56  61  63  64  62  57  51  43  27 254 255
255 255  35  21  36  48  61  65  66  63  56  44  28  83 255 255
255 255 253   6  22  34  49  63  66  62  47  28   4 255 255 255
255 255 255 251  11  21  33  48  58  49  29  16 248 255 255 255
255 255 255 255 254  17  19  28  31  27  21 243 255 255 255 255
255 255 255 255 255 249  13  17  18  13 254 255 255 255 255 255
255 255 255 255 255 255 251   6  12 251 255 255 255 255 255 255
255 255 255 255 255 255 255 249 252 255 255 255 255 255 255 255
255 255 255 254 255 251 255 255 255 255 255 252 255 255 255 255
255 255 207 255 250 253 239 255 255 237 249 252 253 199 255 255
255 208 255 255 255 253 251 226 219 255 255 254 255 255 204 255
255 248 252 253 253 250 253 228 225 255 253 253 255 254 236 255
216 238 252 253 251 250 253 250 248 251 252 253 253 253 246 240
248 236 250 254 252 253 253 252 253 251 254 255 255 254 248 254
255 213 248 252 252 253 255 255 255 255 255 255 255 255 239 255
255 182 235 247 253 255 255 255 255 255 255 255 254 253 223 255
255 245 202 240 251 254 254 255 254 255 254 254 253 232 249 255
255 255 189 214 241 254 254 255 255 253 253 254 234 204 255 255
255 255 247 176 216 241 255 255 254 255 255 237 192 255 255 255
255 255 255 255 169 220 243 255 255 255 235 180 255 255 255 255
255 255 255 255 255 173 217 238 247 230 181 253 255 255 255 255
255 255 255 255 255 252 183 208 210 184 254 255 255 255 255 255
255 255 255 255 255 255 253 179 166 250 255 255 255 255 255 255
255 255 255 255 255 255 255 255 255 255 255 255 255 255 255 255

255 252 237 195 166 183 221 241 254 255 255 255 255 255 255 255
252 203 106  71  64  47  46 102 185 243 255 255 255 255 255 255
239 124 143 132  92  64  45  29  40 123 228 255 255 255 255 255
219 114 189 127  83  59  43  36  29  24  84 233 255 255 255 255
210 125 187 121  80  59  47  40  36  30  19  61 224 253 255 255
232 117 165 119  77  59  49  45  42  40  33  20  58 196 251 255
248 162 110 110  71  56  51  47  47  47  45  33  19  59 190 252
254 242 142  59  63  50  50  48  48  51  51  42  23  13  41 205
254 244 149  56  61  49  47  47  47  49  47  35  18  11  36 198
249 170 106 103  69  53  48  46  46  44  36  22  13  52 184 252
233 120 158 110  72  56  48  44  40  34  23  12  48 189 250 255
211 121 176 114  77  57  47  41  33  22  12  49 218 252 255 255
216 103 175 121  81  60  47  37  23  17  73 229 255 255 255 255
237 116 132 122  89  67  48  26  31 112 224 254 255 255 255 255
252 198  97  65  62  47  39  89 176 239 255 255 255 255 255 255
255 252 234 181 146 170 214 239 254 255 255 255 255 255 255 255
255 252 238 198 170 187 223 242 254 255 255 255 255 255 255 255
253 205 114  80  76  60  59 110 187 243 255 255 255 255 255 255
239 131 150 140 102  77  60  42  51 128 229 255 255 255 255 255
220 124 195 134  94  71  58  50  42  34  91 235 255 255 255 255
213 134 191 130  91  72  61  54  50  43  28  67 224 253 255 255
232 126 172 127  88  72  63  58  56  55  46  30  64 197 251 255
249 168 120 119  83  68  64  62  61  62  60  46  29  64 192 252
254 243 146  69  74  64  62  62  64  66  65  55  33  20  47 206
254 245 156  68  74  64  62  62  63  64  61  47  27  18  42 199
249 174 115 113  81  66  63  61  60  58  49  32  21  57 186 252
234 128 164 119  84  69  63  58  54  48  34  20  55 191 250 255
214 129 182 123  87  70  62  55  47  35  22  55 219 253 255 255
219 113 180 129  92  73  61  50  36  27  79 229 255 255 255 255
238 124 141 131 100  80  61  39  40 117 225 254 255 255 255 255
252 201 106  77  73  58  49  97 179 240 255 255 255 255 255 255
255 252 235 185 153 173 216 240 254 255 255 255 255 255 255 255
255 254 251 242 236 242 249 252 254 255 255 255 255 255 255 255
254 245 230 230 236 237 234 237 242 252 255 255 255 255 255 255
251 234 248 253 253 254 253 248 234 228 247 255 255 255 255 255
248 235 254 254 253 254 254 254 252 231 217 248 255 255 255 255
247 239 255 253 252 253 254 255 254 251 231 211 246 254 255 255
251 237 254 254 252 254 254 255 254 254 252 232 210 237 253 255
253 241 244 253 252 253 254 255 254 254 255 251 227 204 234 254
254 252 236 233 249 253 255 255 254 254 254 255 244 208 189 237
254 253 238 234 251 253 254 255 255 255 255 254 238 207 188 235
253 245 247 252 252 253 254 255 255 255 252 241 216 202 232 253
251 241 254 252 253 253 253 254 254 252 239 215 200 235 253 255
248 240 254 253 251 252 252 252 250 238 211 196 244 254 255 255
247 234 254 253 252 252 251 247 237 211 201 246 255 255 255 255
251 232 248 250 249 248 243 229 209 215 245 254 255 255 255 255
254 244 229 226 230 226 216 217 233 250 255 255 255 255 255 255
255 254 250 238 231 235 245 250 254 255 255 255 255 255 255 255

255 255 255 255 255 255 252 205 198 252 255 255 255 255 255 255
255 255 255 255 255 251 190  41  36 184 250 255 255 255 255 255
255 255 255 255 253 196  59  13  11  52 189 252 255 255 255 255
255 255 255 255 224  58  19  23  18  13  48 218 255 255 255 255
255 255 255 233  61  20  33  42  35  22  12  49 229 254 255 255
255 255 228  84  19  33  45  51  47  36  23  12  73 224 255 255
255 243 123  24  30  40  47  51  49  44  34  22  17 112 239 255
254 185  40  29  36  42  47  48  47  46  40  33  23  31 176 254
241 102  29  36  40  45  47  48  47  46  44  41  37  26  89 239
221  46  45  43  47  49  51  50  47  48  48  47  47  48  39 214
183  47  64  59  59  59  56  50  49  53  56  57  60  67  47 170
166  64  92  83  80  77  71  63  61  69  72  77  81  89  62 146
195  71 132 127 121 119 110  59  56 103 110 114 121 122  65 181
237 106 143 189 187 165 110 142 149 106 158 176 175 132  97 234
252 203 124 114 125 117 162 242 244 170 120 121 103 116 198 252
255 252 239 219 210 232 248 254 254 249 233 211 216 237 252 255
255 255 255 255 255 255 252 206 199 252 255 255 255 255 255 255
255 255 255 255 255 251 192  47  42 186 250 255 255 255 255 255
255 255 255 255 253 197  64  20  18  57 191 253 255 255 255 255
255 255 255 255 224  64  29  33  27  21  55 219 255 255 255 255
255 255 255 235  67  30  46  55  47  32  20  55 229 254 255 255
255 255 229  91  28  46  60  65  61  49  34  22  79 225 255 255
255 243 128  34  43  55  62  66  64  58  48  35  27 117 240 255
254 187  51  42  50  56  61  64  63  60  54  47  36  40 179 254
242 110  42  50  54  58  62  62  62  61  58  55  50  39  97 240
223  59  60  58  61  63  64  62  62  63  63  62  61  61  49 216
187  60  77  71  72  72  68  64  64  66  69  70  73  80  58 173
170  76 102  94  91  88  83  74  74  81  84  87  92 100  73 153
198  80 140 134 130 127 119  69  68 113 119 123 129 131  77 185
238 114 150 195 191 172 120 146 156 115 164 182 180 141 106 235
252 205 131 124 134 126 168 243 245 174 128 129 113 124 201 252
255 253 239 220 213 232 249 254 254 249 234 214 219 238 252 255
255 255 255 255 255 255 254 237 235 253 255 255 255 255 255 255
255 255 255 255 255 253 234 189 188 232 253 255 255 255 255 255
255 255 255 255 254 237 204 208 207 202 235 254 255 255 255 255
255 255 255 255 246 210 227 244 238 216 200 244 255 255 255 255
255 255 255 248 211 232 251 255 254 241 215 196 246 254 255 255
255 255 247 217 231 252 255 254 255 252 239 211 201 245 255 255
255 252 228 231 251 254 254 254 255 255 252 238 211 215 250 255
254 242 234 252 254 254 254 254 255 255 254 250 237 209 233 254
252 237 248 254 255 255 255 255 255 255 254 252 247 229 217 250
249 234 253 254 254 254 254 255 254 254 253 252 251 243 216 245
242 237 254 254 253 254 253 253 253 253 253 252 252 248 226 235
236 236 253 253 252 252 252 249 251 252 253 251 252 249 230 231
242 230 253 254 253 254 253 233 234 252 252 253 253 250 226 238
251 230 248 254 255 254 244 236 238 247 254 254 254 248 229 250
254 245 234 235 239 237 241 252 253 245 241 240 234 232 244 254
255 254 251 248 247 251 253 254 254 253 251 248 247 251 254 255

255 255 255 255 255 255 255 254 239 214 170 146 181 234 252 255
255 255 255 255 255 255 239 176  89  39  47  62  65  97 198 252
255 255 255 255 254 224 112  31  26  48  67  89 122 132 116 237
255 255 255 255 229  73  17  23  37  47  60  81 121 175 103 216
255 255 252 218  49  12  22  33  41  47  57  77 114 176 121 211
255 250 189  48  12  23  34  40  44  48  56  72 110 158 120 233
252 184  52  13  22  36  44  46  46  48  53  69 103 106 170 249
198  36  11  18  35  47  49  47  47  47  49  61  56 149 244 254
205  41  13  23  42  51  51  48  48  50  50  63  59 142 242 254
252 190  59  19  33  45  47  47  47  51  56  71 110 110 162 248
255 251 196  58  20  33  40  42  45  49  59  77 119 165 117 232
255 255 253 224  61  19  30  36  40  47  59  80 121 187 125 210
255 255 255 255 233  84  24  29  36  43  59  83 127 189 114 219
255 255 255 255 255 228 123  40  29  45  64  92 132 143 124 239
255 255 255 255 255 255 243 185 102  46  47  64  71 106 203 252
255 255 255 255 255 255 255 254 241 221 183 166 195 237 252 255
255 255 255 255 255 255 255 254 240 216 173 153 185 235 252 255
255 255 255 255 255 255 240 179  97  49  58  73  77 106 201 252
255 255 255 255 254 225 117  40  39  61  80 100 131 141 124 238
255 255 255 255 229  79  27  36  50  61  73  92 129 180 113 219
255 255 253 219  55  22  35  47  55  62  70  87 123 182 129 214
255 250 191  55  20  34  48  54  58  63  69  84 119 164 128 234
252 186  57  21  32  49  58  60  61  63  66  81 113 115 174 249
199  42  18  27  47  61  64  63  62  62  64  74  68 156 245 254
206  47  20  33  55  65  66  64  62  62  64  74  69 146 243 254
252 192  64  29  46  60  62  61  62  64  68  83 119 120 168 249
255 251 197  64  30  46  55  56  58  63  72  88 127 172 126 232
255 255 253 224  67  28  43  50  54  61  72  91 130 191 134 213
255 255 255 255 235  91  34  42  50  58  71  94 134 195 124 220
255 255 255 255 255 229 128  51  42  60  77 102 140 150 131 239
255 255 255 255 255 255 243 187 110  59  60  76  80 114 205 253
255 255 255 255 255 255 255 254 242 223 187 170 198 238 252 255
255 255 255 255 255 255 255 254 250 245 235 231 238 250 254 255
255 255 255 255 255 255 250 233 217 216 226 230 226 229 244 254
255 255 255 255 254 245 215 209 229 243 248 249 250 248 232 251
255 255 255 255 246 201 211 237 247 251 252 252 253 254 234 247
255 255 254 244 196 211 238 250 252 252 252 251 253 254 240 248
255 253 235 200 215 239 252 254 254 253 253 253 252 254 241 251
253 232 202 216 241 252 255 255 255 254 253 252 252 247 245 253
235 188 207 238 254 255 255 255 255 254 253 251 234 238 253 254
237 189 208 244 255 254 254 254 255 255 253 249 233 236 252 254
254 234 204 227 251 255 254 254 255 254 253 252 253 244 241 253
255 253 237 210 232 252 254 254 255 254 254 252 254 254 237 251
255 255 254 246 211 231 251 254 255 254 253 252 253 255 239 247
255 255 255 255 248 217 231 252 254 254 254 253 254 254 235 248
255 255 255 255 255 247 228 234 248 253 254 253 253 248 234 251
255 255 255 255 255 255 252 242 237 234 237 236 230 230 245 254
255 255 255 255 255 255 255 254 252 249 242 236 242 251 254 255
